#Position (bp)	mapping quality
3874689.0	58.5448297918095
1.1624066E7	59.24684849515084
1.9373443E7	58.64922557323412
2.712282E7	59.219764181401644
3.4872197E7	59.48936209188108
4.2621574E7	59.35540582786251
5.0370951E7	59.43107207488753
5.8120328E7	59.52720646734249
6.5869705E7	59.392453608870056
7.3619082E7	59.417148351941876
8.1368459E7	59.17012826663102
8.9117836E7	59.290594089128376
9.6867213E7	59.391237501457944
1.0461659E8	59.360172048673974
1.12365967E8	59.57967978603922
1.20115344E8	55.475855863322344
1.27864721E8	53.04938271604938
1.35614098E8	0.0
1.43363475E8	51.48558628749513
1.51112852E8	57.916031459097354
1.58862229E8	59.10640107185036
1.66611606E8	59.20781605524729
1.74360983E8	59.35251992221402
1.8211036E8	59.49504864918259
1.89859737E8	59.38169621668372
1.97609114E8	59.47227837943754
2.05358491E8	58.91480417156797
2.13107868E8	59.51415445218457
2.20857245E8	59.16317010600048
2.28606622E8	59.44894821949508
2.36355999E8	59.31743344281216
2.44105376E8	59.25502855116589
2.484682435E8	59.087106265538395
2.52342932E8	59.48147253189815
2.5960413E8	59.44438893811149
2.67353507E8	59.31695435244642
2.75102884E8	59.24324008012424
2.82852261E8	59.128703351398045
2.90601638E8	58.71542655164151
2.98351015E8	56.37456747404844
3.06100392E8	59.56370627819271
3.13849769E8	59.0515841976988
3.21599146E8	59.35835122738238
3.29348523E8	58.949589590943944
3.370979E8	58.804279675412076
3.44847277E8	59.246526816518866
3.52596654E8	59.63500097072429
3.60346031E8	59.55282674335656
3.68095408E8	59.415894333224145
3.75844785E8	59.510167717323036
3.81236659E8	59.082477391797646
3.851113475E8	58.97450341392761
3.91343539E8	59.45738058461807
3.99092916E8	59.399944518419886
4.06842293E8	59.14180684625338
4.1459167E8	59.547641609504275
4.22341047E8	58.9344473806933
4.30090424E8	59.21030837930778
4.37839801E8	59.50273254568984
4.45589178E8	59.43915320433162
4.53338555E8	58.90060406747943
4.61087932E8	59.333104651623906
4.68837309E8	59.05043409260642
4.76586686E8	59.511018937489524
4.84336063E8	59.123274756768986
4.9208544E8	59.38159626095938
4.99834817E8	59.45426802640705
5.07584194E8	59.5077885067648
5.146496745E8	59.5199646529792
5.178906245E8	46.0
5.18574521E8	58.58842203303118
5.23082948E8	58.786650185904584
5.30832325E8	59.229721400972984
5.38581702E8	58.796602913317564
5.46331079E8	58.957821742605915
5.54080456E8	58.075419618564425
5.61829833E8	59.13487715247319
5.6957921E8	59.47682347305452
5.77328587E8	59.5157097188532
5.85077964E8	59.29733078310967
5.92827341E8	59.317143316982374
6.00576718E8	59.16091801362676
6.08326095E8	59.304057893998774
6.16075472E8	59.16597134117391
6.23824849E8	59.50874586541808
6.31574226E8	59.182858399965234
6.39323603E8	59.02379463030104
6.4707298E8	58.82543568720671
6.5108188E8	59.597677734772866
6.549565685E8	0.0
6.62571734E8	0.0
6.70321111E8	58.638219556252345
6.78070488E8	59.376614588205946
6.85819865E8	59.46581432717896
6.93569242E8	59.192638129009865
7.01318619E8	59.424780233493244
7.09067996E8	59.1281106683708
7.16817373E8	58.51081762426158
7.2456675E8	59.492354412290105
7.32316127E8	59.141478370992466
7.40065504E8	59.13570662663521
7.47814881E8	59.33875129389785
7.55564258E8	59.61479335609993
7.62509683E8	59.14968704644412
7.663843715E8	0.0
7.71063012E8	0.0
7.78812389E8	0.0
7.86561766E8	59.143439809470486
7.94311143E8	59.08130894375124
8.0206052E8	58.83269763781895
8.09809897E8	59.0638274815778
8.17559274E8	59.359799637642546
8.25308651E8	59.53949861506136
8.33058028E8	59.42746090144297
8.40807405E8	59.40997928961703
8.48556782E8	59.11753822569348
8.56306159E8	59.418460843705816
8.64055536E8	59.50120227098815
8.70277181E8	58.49062951345831
8.72724992E8	31.0
8.72931433E8	41.44659231722429
8.731340445E8	52.955555555555556
8.73326804E8	34.64325431665203
8.73441596E8	0.0
8.73480431E8	54.888888888888886
8.735866135E8	38.736507936507934
8.73694888E8	45.833333333333336
8.746981795E8	0.0
8.7955429E8	0.0
8.87303667E8	49.77777777777778
8.95053044E8	52.50721940214326
9.02802421E8	57.337107893178064
9.10551798E8	59.17532799310866
9.18301175E8	59.14600610981201
9.26050552E8	59.30271493999148
9.33799929E8	59.340522924227834
9.41549306E8	59.43004021610153
9.49298683E8	59.09101384960709
9.5704806E8	58.971986306532166
9.64797437E8	59.41027585526408
9.72190036E8	59.157175520703085
9.759320705E8	37.093401885175666
9.762888485E8	56.720414355969446
9.80296191E8	58.99445323247635
9.88045568E8	58.61250938401359
9.95794945E8	57.34103744466198
1.003544322E9	58.71291383787946
1.011293699E9	56.84272605691359
1.019043076E9	57.97165761572278
1.026792453E9	59.382330500438826
1.03454183E9	59.368863748916674
1.042291207E9	59.46965810545052
1.050040584E9	58.510015413472246
1.057789961E9	59.62426015925417
1.0640795945E9	58.98046370218769
1.067430919E9	54.0
1.0688906625E9	58.53441201843163
1.073288715E9	59.306995243018385
1.081038092E9	58.70076181778857
1.088787469E9	57.746592625906544
1.096536846E9	58.82327944796808
1.104286223E9	58.720698570999836
1.1120356E9	58.677808635067194
1.119784977E9	59.50969012477123
1.127534354E9	59.14196042398522
1.135283731E9	58.39214664194834
1.143033108E9	59.33598510576168
1.149266268E9	59.32060056054721
1.151717535E9	39.07006966773848
1.15195075E9	48.225
1.152147445E9	21.333333333333332
1.153430447E9	58.27019301307834
1.158531862E9	59.42508215253832
1.166281239E9	58.215499201577245
1.174030616E9	59.14702292935228
1.181779993E9	59.10380044124973
1.18952937E9	59.369454869870175
1.197278747E9	59.45261102735833
1.205028124E9	59.35775288469637
1.212777501E9	59.48283978248002
1.220526878E9	59.17213553816114
1.228276255E9	59.560189818106075
1.2323639745E9	59.57629104924607
1.236238663E9	59.37539014848079
1.243775009E9	59.15814576906876
1.251524386E9	59.26679761425524
1.259273763E9	59.11822854883353
1.26702314E9	59.42869633681419
1.274772517E9	59.37441085466351
1.282521894E9	59.256555234639805
1.288795602E9	59.22589720011619
1.291282149E9	43.22222222222222
1.2913856925E9	0.0
1.2914655495E9	0.0
1.2915628205E9	0.0
1.2916163385E9	22.488888888888887
1.2916575315E9	25.0
1.291766658E9	39.629629629629626
1.291875052E9	39.79051987767584
1.291916283E9	40.242592592592594
1.2930415505E9	59.62197575164465
1.298020648E9	59.505448317168764
1.305770025E9	59.38860412444868
1.313519402E9	59.48347503648644
1.321268779E9	59.443113047688215
1.329018156E9	59.11991392084278
1.336767533E9	59.48425496724772
1.34451691E9	59.35490867579909
1.352266287E9	59.395436117787
1.360015664E9	59.38608533483467
1.367765041E9	59.52333354691271
1.375514418E9	58.00409937998543
1.383263795E9	56.01456888794792
1.391013172E9	58.72480116317138
1.398762549E9	58.572846553349066
1.406511926E9	57.03702592414786
1.414261303E9	59.08289387085218
1.42201068E9	58.2160965389788
1.429760057E9	59.426161275753046
1.437509434E9	59.46538043559168
1.445258811E9	59.368076844471695
1.453008188E9	59.35195348809672
1.460757565E9	59.26007748098171
1.468506942E9	59.338693812889524
1.476256319E9	59.3661274427325
1.484005696E9	59.5007163044266
1.491755073E9	59.11563895388889
1.49950445E9	59.299544226873735
1.507253827E9	59.454032477837806
1.515003204E9	59.511205380328285
1.522752581E9	59.287523818866624
1.53037897E9	59.45261300779438
1.5342536585E9	60.0
1.538251335E9	59.349571953192346
1.546000712E9	59.51138833166165
1.553750089E9	59.52614408086853
1.561499466E9	57.187555440567714
1.569248843E9	59.29404244768103
1.57699822E9	59.496208354616314
1.584747597E9	59.02051197038142
1.592496974E9	59.54237469478527
1.59747325E9	59.0722173547195
1.6013479385E9	37.83253194120071
1.607995728E9	37.33155444532758
1.615745105E9	58.71099870458331
1.623494482E9	58.86141845401618
1.631243859E9	59.40048472468315
1.638993236E9	59.1886391495114
1.6440763725E9	59.08364744809531
1.647951061E9	0.0
1.65449199E9	36.875821952453215
1.662241367E9	58.22863131197492
1.669990744E9	58.676786468410924
1.677740121E9	59.281606295259344
1.685489498E9	59.18460129581721
1.6927337375E9	59.00374370624261
1.6961786655E9	0.0
1.696274814E9	37.63703703703704
1.6963854715E9	28.815019916448072
1.6965578825E9	36.10793650793651
1.696661813E9	46.90555555555556
1.6967741785E9	60.0
1.6969170575E9	0.0
1.697018664E9	52.5
1.6970909575E9	0.0
1.69712795E9	0.0
1.697223072E9	0.0
1.697380707E9	0.0
1.7011602735E9	59.36946594601069
1.708737629E9	59.40643015258591
1.716487006E9	59.34759260594697
1.724236383E9	59.18774550172703
1.73198576E9	59.290744076883875
1.739735137E9	59.36671123695663
1.747484514E9	59.483248114353515
1.755233891E9	59.19979640685614
1.762983268E9	59.31646832042036
1.770732645E9	58.25482944567261
1.778482022E9	58.742738289891314
1.786231399E9	58.87955267006742
1.793980776E9	59.17750434893292
1.801730153E9	59.29013922437096
1.80947953E9	59.49291039636351
1.817228907E9	59.397849418602284
1.824978284E9	58.26671763938215
1.832727661E9	59.35562057002074
1.840477038E9	59.275173469720166
1.848226415E9	59.391179803727724
1.855975792E9	59.395535112983424
1.863725169E9	59.508096404763265
1.871474546E9	59.315607405594136
1.879223923E9	59.332192581035955
1.8869733E9	59.350111187344595
1.893300577E9	58.29883952175673
1.895830864E9	24.0
1.897252964E9	59.31128048665222
1.902472054E9	58.43021996684676
1.910221431E9	59.380715394549746
1.917970808E9	58.906162333531476
1.925720185E9	59.49438431138213
1.933469562E9	59.12297130515273
1.941218939E9	59.19554959628376
1.948968316E9	59.21005777699963
1.956717693E9	58.91878025450013
1.96446707E9	58.93897939367785
1.972216447E9	59.305255212755924
1.979965824E9	59.410628000221436
1.987715201E9	59.30291424460991
1.995464578E9	59.37688733478397
2.003213955E9	59.3475896343628
2.010963332E9	59.13666291001839
2.018712709E9	58.90940913278063
2.026462086E9	59.04086603838286
2.034211463E9	59.521354508993845
2.04196084E9	59.22804853259689
2.049710217E9	59.46223265048281
2.057459594E9	59.06984061345391
2.065208971E9	59.27557964468534
2.072958348E9	59.45257708428435
2.080707725E9	59.2342830138405
2.0853527655E9	54.78783175539345
2.086227972E9	35.2962962962963
2.0893323085E9	58.81794662519057
2.096206479E9	59.314763438657906
2.103955856E9	58.65923868805363
2.111705233E9	58.5222293338585
2.11945461E9	58.68212102102925
2.127203987E9	59.32041615205878
2.134953364E9	56.2796157059315
2.142702741E9	59.547753384088715
2.150452118E9	59.22003376477209
2.158201495E9	58.92481033502578
2.165950872E9	59.24372804440232
2.173700249E9	59.26755130997822
2.181449626E9	59.49414927112606
2.189199003E9	59.089383702485165
2.19694838E9	59.53353878171776
2.204697757E9	59.142278706174224
2.212447134E9	59.25640008812514
2.220196511E9	59.31411360422643
2.227945888E9	59.46124869070776
2.235695265E9	59.55859246469097
2.243444642E9	59.38990873307669
2.251194019E9	59.03457548981944
2.258943396E9	59.097362954706654
2.265344585E9	59.06373051584363
2.26791743E9	48.75
2.269265618E9	59.51569581723613
2.27444215E9	59.44174618752306
2.282191527E9	59.4984108957919
2.289940904E9	59.21235211891855
2.297690281E9	58.98199972690015
2.305439658E9	59.501600707658405
2.313189035E9	59.51661836960257
2.320938412E9	59.09220203216776
2.328687789E9	57.40363890151269
2.336437166E9	59.17508970576509
2.344186543E9	59.04930978359154
2.35193592E9	59.43529709709076
2.359685297E9	59.41503615713696
2.367434674E9	59.27465883749002
2.375184051E9	59.37519420646446
2.382933428E9	59.216969655682504
2.390682805E9	59.370324338535816
2.398432182E9	59.46396113175193
2.406181559E9	59.447085260978895
2.413930936E9	59.44056610291524
2.421680313E9	59.302432283715405
2.42942969E9	59.36561835066365
2.436037066E9	59.49506996071057
2.4399117545E9	59.11410455907286
2.444928444E9	58.895979466231346
2.452677821E9	59.472678343367996
2.460427198E9	59.33363855102986
2.468176575E9	59.26300123254633
2.475925952E9	58.958198482162125
2.483675329E9	58.883433993963685
2.491424706E9	59.26390034715132
2.499174083E9	55.678794003705576
2.50692346E9	57.41486933540327
2.514672837E9	56.36482645389235
2.522422214E9	59.295593479368314
2.530171591E9	59.28474039949278
2.537920968E9	58.53606016896765
2.545670345E9	59.14347761459175
2.553419722E9	59.420673215833574
2.561169099E9	59.31660222529649
2.568918476E9	59.16347463497726
2.576667853E9	59.34179115072966
2.58441723E9	58.71403648053946
2.592166607E9	59.038393005972054
2.597078511E9	59.03669799092677
2.6009531995E9	57.972010984368396
2.607665361E9	56.23538988255433
2.615414738E9	59.291546546815404
2.623164115E9	59.5048128988712
2.630913492E9	59.127219879478005
2.638662869E9	59.43424140957706
2.646412246E9	59.266886734062304
2.654161623E9	59.23605658943376
2.661911E9	59.389847663885526
2.669660377E9	59.199026717251755
2.677409754E9	59.40355314197052
2.685159131E9	59.54029579024418
2.692908508E9	59.37623307116926
2.700657885E9	59.33790865140809
2.708407262E9	59.36797311085769
2.716156639E9	59.14893258211644
2.723906016E9	59.53216200119118
2.731655393E9	59.529698630136984
2.739392222E9	59.42293558752324
2.7432669105E9	21.0
2.747154147E9	58.91660865933454
2.754903524E9	59.195333814551546
2.762652901E9	59.21986082630181
2.770402278E9	58.944009295920125
2.778151655E9	59.3836092877437
2.785901032E9	43.42028065081957
2.793650409E9	0.0
2.801399786E9	29.773856209150328
2.809149163E9	50.806183151520685
2.81689854E9	59.496191944321495
2.824647917E9	58.87370484666875
2.832397294E9	59.058965522309094
2.840146671E9	59.16092863738293
2.847896048E9	59.465688742429094
2.855645425E9	59.36574394840226
2.863394802E9	59.535630700912144
2.871144179E9	59.40151136864682
2.8783339735E9	59.386073035732764
2.8816691105E9	39.007407407407406
2.8817081685E9	48.855555555555554
2.881815618E9	38.75925925925926
2.8819235655E9	43.91111111111111
2.881951375E9	0.0
2.8819607965E9	0.0
2.881963016E9	0.0
2.8819650695E9	0.0
2.8819667765E9	0.0
2.8819782505E9	0.0
2.8819911965E9	0.0
2.881994005E9	0.0
2.8819953275E9	0.0
2.8819971875E9	0.0
2.8819988245E9	0.0
2.882005523E9	0.0
2.8820305675E9	0.0
2.882050002E9	0.0
2.8820519145E9	0.0
2.882054482E9	0.0
2.882056241E9	0.0
2.882057828E9	0.0
2.882060061E9	0.0
2.8820622915E9	0.0
2.882064383E9	0.0
2.882066127E9	0.0
2.88206734E9	0.0
2.8820687725E9	0.0
2.882070395E9	0.0
2.882267106E9	47.53096032628847
2.882463753E9	49.16111111111111
2.8824652565E9	23.0
2.8824681035E9	52.48777777777778
2.882516555E9	43.373831775700936
2.882619299E9	39.730762064468045
2.882677579E9	0.0
2.882680814E9	0.0
2.8826831805E9	0.0
2.8826854325E9	0.0
2.882687501E9	0.0
2.8826891265E9	0.0
2.882701121E9	0.0
2.882740355E9	48.592592592592595
2.882809418E9	44.21884498480243
2.8828534285E9	43.44444444444444
2.882860329E9	0.0
2.882867573E9	0.0
2.88287343E9	0.0
2.882877733E9	0.0
2.882880309E9	40.0
2.88288275E9	0.0
2.8828853255E9	0.0
2.882886906E9	0.0
2.882933057E9	47.86666666666667
2.8829793125E9	0.0
2.882980713E9	0.0
2.8829822125E9	0.0
2.882984397E9	20.0
2.882986658E9	0.0
2.8829909575E9	0.0
2.883009997E9	0.0
2.8830477505E9	0.0
2.88307233E9	40.0
2.883076929E9	0.0
2.8830824375E9	0.0
2.8830887685E9	0.0
2.883093368E9	25.0
2.8830977865E9	0.0
2.8831015105E9	0.0
2.8831028565E9	0.0
2.8831040605E9	0.0
2.883106094E9	45.0
2.8831079675E9	0.0
2.8831092055E9	0.0
2.8831106335E9	0.0
2.8831118605E9	28.0
2.883112934E9	0.0
2.883114396E9	0.0
2.883116725E9	0.0
2.8831199175E9	0.0
2.8831258425E9	0.0
2.8831305265E9	0.0
2.883131573E9	0.0
2.8831327445E9	0.0
2.883134587E9	0.0
2.883136549E9	0.0
2.883137889E9	0.0
2.8831394005E9	0.0
2.8831409485E9	0.0
2.8831420415E9	0.0
2.8831434205E9	0.0
2.8831450565E9	0.0
2.8831466735E9	0.0
2.8831482025E9	0.0
2.8831496855E9	0.0
2.883151E9	0.0
2.8831524505E9	0.0
2.8831539105E9	0.0
2.883156513E9	0.0
2.8831591885E9	0.0
2.8831610845E9	0.0
2.8831632375E9	0.0
2.883164788E9	0.0
2.8831667025E9	0.0
2.883169294E9	0.0
2.8831746925E9	0.0
2.8831825095E9	0.0
2.8832777785E9	31.567090395480225
2.8834588255E9	52.28824531516184
2.8836293255E9	29.795214245965497
2.883800073E9	42.733333333333334
2.8839686355E9	0.0
2.8840548555E9	0.0
2.884144479E9	0.0
2.8843319275E9	28.666666666666668
2.8845214925E9	35.4
2.884626674E9	0.0
2.8846808625E9	24.0
2.884813473E9	0.0
2.884959501E9	0.0
2.885085541E9	36.231746031746034
2.8852393455E9	59.833333333333336
2.8853891415E9	23.0
2.885478385E9	0.0
2.8855237295E9	0.0
2.885575297E9	51.0
2.885613754E9	0.0
2.8856719105E9	0.0
2.885747331E9	50.87555555555556
2.8858518155E9	0.0
2.886014044E9	20.0
2.8861957175E9	40.3147713950762
2.886364595E9	27.0545229244114
2.888481395E9	58.32646906366335
2.89439231E9	59.46279488777005
2.902141687E9	59.23497513838071
2.909891064E9	59.231390239845
2.917640441E9	58.81026653504442
2.925389818E9	59.37107616095525
2.933139195E9	59.41931899697471
2.940888572E9	59.295500989063086
2.948637949E9	59.16204635121365
2.956387326E9	59.306605157465576
2.964136703E9	59.04002074210648
2.97188608E9	58.71301280861333
2.979635457E9	55.80004334320595
2.987384834E9	59.26321903902549
2.995134211E9	59.46661995230615
3.002883588E9	59.1273132664437
3.010632965E9	59.27379156138087
3.018382342E9	59.4181223125311
3.026131719E9	59.01083644331838
3.033881096E9	58.507165426079546
3.040120924E9	59.29950715515706
3.0439956125E9	59.196851260596716
3.04937985E9	55.27138990745591
3.057129227E9	58.0999066293184
3.064878604E9	58.391202677095514
3.072627981E9	48.13210310486233
3.080377358E9	0.0
3.088126735E9	0.0
3.095857451E9	37.6172028890348
3.0997320985E9	39.666666666666664
