# Position (bp)	A	C	G	T	N
0.0	26.48789420142421	24.4045665197242	25.134621905730757	23.97282694698768	9.042613315248107E-5
1.0	25.51242229004182	22.40736972985193	35.22468633435063	16.855521645755623	0.0
2.0	23.80002260653329	25.72691307787951	32.691217361817564	17.779721939640556	0.0021250141290833054
3.0	25.453012320560642	25.99954786933424	30.23438453713123	18.313055272973887	0.0
4.0	17.505866395388267	35.29223465581553	28.622131796089068	18.5796315135074	1.356391997287216E-4
5.0	22.345925172374816	28.696507290606988	25.456177235220977	23.50080253193173	5.877698654911269E-4
6.0	19.85102294563129	26.346060811574546	35.26433819373799	18.538578049056177	0.0
7.0	21.09429185034475	29.444647903244036	27.593670170679324	21.867390075731887	0.0
8.0	18.848875324968915	28.72408726121849	32.60219283372895	19.824618514750764	2.2606533288120268E-4
9.0	19.181417429637165	32.918639086696054	27.542760257714477	20.357183225952298	0.0
10.0	22.099061828868543	29.014581213970835	29.591545156550243	19.29467616141065	1.356391997287216E-4
11.0	21.70172939979654	28.710297275912737	29.251633322030067	20.336340002260652	0.0
12.0	21.430315361139368	28.61263705210806	28.556979767152708	21.3996156889341	4.5213066576240535E-4
13.0	21.28839154515655	28.51624279416751	28.66852040239629	21.5263479145473	4.973437323386458E-4
14.0	21.22116930989909	28.737212043500413	28.71550976173155	21.326063671781924	4.5213087018463665E-5
15.0	21.322113841281958	28.596818983735023	28.8665154136144	21.214551761368618	0.0
16.0	21.169890742377625	28.831171767088883	28.88759780173573	21.11133968879776	0.0
17.0	21.276965146056686	28.659781602210742	28.870701129968023	21.192552121764543	0.0
18.0	21.191667020836967	28.769087895423606	29.021332506232646	21.01723437905506	6.78198451718148E-4
19.0	21.225993459451175	28.645940008346365	29.029348373069	21.098672945882903	4.5213250556914215E-5
20.0	21.281896281613697	28.602470725524125	29.104202620652796	21.01143037220938	0.0
21.0	21.211734843819656	28.661125323162146	28.994257005124474	21.1326567613343	2.2606655942069087E-4
22.0	21.161909774123338	28.778725147372793	28.92164442623855	21.137720652265322	0.0
23.0	21.16151242213699	28.885803330142778	28.77195615934444	21.180366381717175	3.6170665861266505E-4
24.0	21.056933984465605	28.976636914786884	28.731445013579826	21.234893660503033	9.042666465316626E-5
25.0	21.109888341104003	28.949069870906836	28.7368836063617	21.204158181627463	0.0
26.0	21.064180047211888	28.89234721582326	28.88922748742953	21.154245249535318	0.0
27.0	21.10583118192546	28.844524422058747	28.813553191393165	21.23509650816329	9.946964593327396E-4
28.0	21.11433131530521	28.782627174203	28.86898491226325	21.234056598228538	0.0
29.0	21.190254321392903	28.695378140812007	28.76337923859569	21.35080744521594	1.808539834672331E-4
30.0	21.286649494580935	28.694473870894672	28.757049349174334	21.26182728535006	0.0
31.0	21.420671981364798	28.618347283210234	28.740242923180425	21.22028567708145	4.52135163094196E-4
32.0	21.44571384132921	28.54284711835654	28.739209774818196	21.27222926549606	0.0
33.0	20.850849882308687	28.787304710636707	28.865840943556094	21.495552326291147	4.52137207365496E-4
34.0	19.85204088091832	29.399211101726642	28.995176543569357	21.753435831028913	1.3564275676721712E-4
35.0	19.799860466609427	28.57703522743355	30.91641244551031	20.706691860446718	0.0
36.0	20.17851087207173	29.906946460303036	30.892961300036625	19.021355289989735	2.2607759887503787E-4
37.0	20.8173683425197	29.956050117335337	29.185570692843676	20.041010847301287	0.0
38.0	20.140581089605185	31.465430119803667	28.00498296432116	20.38900582626999	0.0
39.0	21.025605772944477	30.31985281813651	27.555398974828393	21.09850927710658	6.331569840381124E-4
40.0	20.926284797809767	27.147870858632295	31.99074004915162	19.93469688554029	4.0740886603174263E-4
41.0	18.463744974947566	29.352951672104403	30.744308581915636	21.438994771032394	0.0
42.0	17.954882123660788	31.425611232324975	25.945234795565792	24.6718389002707	0.002432948177744767
43.0	17.317863641307653	34.029988736019114	24.064960539196257	24.58704881857248	1.3826490449582164E-4
44.0	17.71429343789224	33.10709895107279	24.137797566203815	25.040687169272758	1.2287555839261567E-4
45.0	19.588414071893833	29.118072306931936	27.54239788729797	23.75111573387626	0.0
