#Position (bp)	insert size
3874689.0	141.45705265112824
1.1624066E7	144.59908035909788
1.9373443E7	147.0360155743024
2.712282E7	142.00559724443352
3.4872197E7	141.44169226196374
4.2621574E7	145.45381748989138
5.0370951E7	150.56765792715115
5.8120328E7	150.77783325012481
6.5869705E7	158.55666100461053
7.3619082E7	164.2872503840246
8.1368459E7	159.20987189148454
8.9117836E7	157.45438121047877
9.6867213E7	155.40191511387164
1.0461659E8	159.0492994291645
1.12365967E8	147.75276109281148
1.20115344E8	152.22241280731848
1.27864721E8	173.52941176470588
1.35614098E8	0.0
1.43363475E8	155.41996630160068
1.51112852E8	144.89612367679538
1.58862229E8	145.39764390519187
1.66611606E8	153.2434595860992
1.74360983E8	155.07951971001359
1.8211036E8	149.05288246685535
1.89859737E8	158.67551326990485
1.97609114E8	154.2481382186476
2.05358491E8	143.73415172149228
2.13107868E8	150.8491795909193
2.20857245E8	153.05045763905187
2.28606622E8	148.60799816660938
2.36355999E8	153.58345368269033
2.44105376E8	149.98356807511738
2.484682435E8	148.86314655172413
2.52342932E8	150.8685387229476
2.5960413E8	155.83845278725823
2.67353507E8	154.72543801286315
2.75102884E8	154.557342361405
2.82852261E8	155.41592920353983
2.90601638E8	152.3033381712627
2.98351015E8	158.05823730924945
3.06100392E8	159.63686806411837
3.13849769E8	159.70155355682746
3.21599146E8	145.2155915506299
3.29348523E8	153.0663404023926
3.370979E8	152.44555464926592
3.44847277E8	148.82381776239907
3.52596654E8	144.58023078597867
3.60346031E8	154.01394943330428
3.68095408E8	152.01539897340177
3.75844785E8	150.70794232089722
3.81236659E8	138.19274012206876
3.851113475E8	144.99780104712042
3.91343539E8	151.34759206798867
3.99092916E8	150.6782133090246
4.06842293E8	157.9299363057325
4.1459167E8	156.04551661356396
4.22341047E8	166.94139465875372
4.30090424E8	145.29366515837103
4.37839801E8	148.332892998679
4.45589178E8	143.65381060415092
4.53338555E8	145.03481754268498
4.61087932E8	140.0356016223524
4.68837309E8	152.62637053696935
4.76586686E8	153.39281507656065
4.84336063E8	163.71164510166358
4.9208544E8	154.88394313679794
4.99834817E8	148.1333914559721
5.07584194E8	150.5666721338363
5.146496745E8	149.4069847856155
5.178906245E8	98.27272727272727
5.18574521E8	152.14161656646627
5.23082948E8	146.06015978438734
5.30832325E8	150.94194728020722
5.38581702E8	164.257804632427
5.46331079E8	154.54541925465838
5.54080456E8	164.0053085600531
5.61829833E8	154.8967077155064
5.6957921E8	141.87643641058747
5.77328587E8	141.19325218876787
5.85077964E8	150.5724569047168
5.92827341E8	160.04652730950775
6.00576718E8	176.04096834264433
6.08326095E8	154.27703677000721
6.16075472E8	155.923048396069
6.23824849E8	149.42032622333753
6.31574226E8	147.11222207604263
6.39323603E8	145.9288868927315
6.4707298E8	148.68177697189483
6.5108188E8	136.101593625498
6.549565685E8	0.0
6.62571734E8	0.0
6.70321111E8	155.04983388704318
6.78070488E8	149.9406015037594
6.85819865E8	152.3732028143163
6.93569242E8	155.41340400068387
7.01318619E8	152.74608197709463
7.09067996E8	164.7888888888889
7.16817373E8	165.87673611111111
7.2456675E8	157.01640488656196
7.32316127E8	161.9641959798995
7.40065504E8	164.4002047082907
7.47814881E8	151.07524613220815
7.55564258E8	158.106116048092
7.62509683E8	152.02937878448083
7.663843715E8	0.0
7.71063012E8	0.0
7.78812389E8	161.0
7.86561766E8	145.65239984882842
7.94311143E8	156.7969195664575
8.0206052E8	153.63674372848007
8.09809897E8	160.41427463149728
8.17559274E8	148.24550419608366
8.25308651E8	154.66380894060012
8.33058028E8	152.01567877629063
8.40807405E8	143.9214000614062
8.48556782E8	156.04749841671943
8.56306159E8	148.16968863323746
8.64055536E8	147.10929185427753
8.70277181E8	144.26215524594826
8.72724992E8	150.875
8.72931433E8	189.8987341772152
8.731340445E8	241.0
8.73326804E8	174.6769230769231
8.73441596E8	159.0
8.73480431E8	241.5
8.735866135E8	153.8181818181818
8.73694888E8	81.66666666666667
8.746981795E8	0.0
8.7955429E8	0.0
8.87303667E8	134.33333333333334
8.95053044E8	162.1006289308176
9.02802421E8	154.62767607818802
9.10551798E8	148.79323770491803
9.18301175E8	148.8943670218995
9.26050552E8	154.01087883959045
9.33799929E8	152.87984427534948
9.41549306E8	146.6842400448682
9.49298683E8	146.35718698517297
9.5704806E8	148.80797720797722
9.64797437E8	145.61234500613162
9.72190036E8	154.1745527986151
9.759320705E8	159.46428571428572
9.762888485E8	149.0292207792208
9.80296191E8	140.39029563834018
9.88045568E8	142.94876744876746
9.95794945E8	145.9162544772301
1.003544322E9	145.00322320709105
1.011293699E9	145.15803571428572
1.019043076E9	163.8095238095238
1.026792453E9	143.3811649659864
1.03454183E9	144.47174447174447
1.042291207E9	143.32784431137725
1.050040584E9	146.23411705852928
1.057789961E9	147.79343389529726
1.0640795945E9	147.61472868217055
1.067430919E9	45.0
1.0688906625E9	153.98757763975155
1.073288715E9	146.35167872939283
1.081038092E9	149.02796882164145
1.088787469E9	145.17168280554827
1.096536846E9	143.73177911221006
1.104286223E9	148.13713456817675
1.1120356E9	142.1866593299095
1.119784977E9	142.83566394451282
1.127534354E9	148.27227055507905
1.135283731E9	148.00044252682818
1.143033108E9	143.91739401496258
1.149266268E9	144.01464052287582
1.151717535E9	158.56296296296296
1.15195075E9	172.13333333333333
1.152147445E9	222.28571428571428
1.153430447E9	149.71580188679246
1.158531862E9	153.2202032043767
1.166281239E9	150.37729454956227
1.174030616E9	152.82918263090676
1.181779993E9	155.62680052378875
1.18952937E9	153.0594495412844
1.197278747E9	156.66706231454006
1.205028124E9	148.21772690976843
1.212777501E9	149.97177860424415
1.220526878E9	168.2837729816147
1.228276255E9	149.5298245614035
1.2323639745E9	133.8727506426735
1.236238663E9	140.20749785600523
1.243775009E9	137.85953781512606
1.251524386E9	138.45225791956864
1.259273763E9	142.8300624442462
1.26702314E9	144.8776337115073
1.274772517E9	140.6311084624553
1.282521894E9	138.2820923017258
1.288795602E9	142.06833997967004
1.291282149E9	169.0
1.2913856925E9	0.0
1.2914655495E9	206.0
1.2915628205E9	187.0
1.2916163385E9	160.0
1.2916575315E9	193.88888888888889
1.291766658E9	116.22222222222223
1.291875052E9	170.81578947368422
1.291916283E9	157.55
1.2930415505E9	151.11548556430446
1.298020648E9	152.53208897980056
1.305770025E9	149.6459505749939
1.313519402E9	149.4544896706893
1.321268779E9	149.15246687985382
1.329018156E9	156.43250901597114
1.336767533E9	148.54322614654717
1.34451691E9	150.31284916201116
1.352266287E9	153.96791062514856
1.360015664E9	147.49332353301483
1.367765041E9	148.8105884834423
1.375514418E9	150.25115970841617
1.383263795E9	153.4336224149433
1.391013172E9	149.14450112706135
1.398762549E9	156.00868693618443
1.406511926E9	149.07562679819154
1.414261303E9	149.24979919678714
1.42201068E9	152.79402585822558
1.429760057E9	154.29124633908233
1.437509434E9	161.2253052164262
1.445258811E9	157.25124910778015
1.453008188E9	156.625
1.460757565E9	155.25520568816657
1.468506942E9	152.73850085178876
1.476256319E9	163.97807270628968
1.484005696E9	157.3335130763009
1.491755073E9	153.7000534188034
1.49950445E9	154.93219373219372
1.507253827E9	146.72559418581812
1.515003204E9	147.84294938554467
1.522752581E9	149.74913644214163
1.53037897E9	143.8799896986866
1.5342536585E9	154.27450980392157
1.538251335E9	146.16501110202174
1.546000712E9	162.34165834165833
1.553750089E9	152.37963519743437
1.561499466E9	151.4967032967033
1.569248843E9	146.85216840772395
1.57699822E9	148.18215339233038
1.584747597E9	149.51254865118776
1.592496974E9	146.74490174267706
1.59747325E9	144.62938230383972
1.6013479385E9	140.7357142857143
1.607995728E9	166.66180758017492
1.615745105E9	158.09763440860215
1.623494482E9	158.39678615574783
1.631243859E9	147.67843084023346
1.638993236E9	148.3143840330351
1.6440763725E9	143.25701331822046
1.647951061E9	0.0
1.65449199E9	158.17045454545453
1.662241367E9	149.59922928709057
1.669990744E9	146.41259674406191
1.677740121E9	144.02254509018036
1.685489498E9	143.8680171884592
1.6927337375E9	146.65934917355372
1.6961786655E9	61.0
1.696274814E9	228.125
1.6963854715E9	166.87878787878788
1.6965578825E9	173.26666666666668
1.696661813E9	125.2
1.6967741785E9	206.5
1.6969170575E9	135.75
1.697018664E9	115.0
1.6970909575E9	0.0
1.69712795E9	0.0
1.697223072E9	0.0
1.697380707E9	0.0
1.7011602735E9	156.5010814708003
1.708737629E9	146.88994502977553
1.716487006E9	151.26918697335458
1.724236383E9	155.2833285344083
1.73198576E9	151.2224734736476
1.739735137E9	147.64732257238023
1.747484514E9	143.36934689039984
1.755233891E9	153.09668803418805
1.762983268E9	152.36489520958085
1.770732645E9	156.50425950196592
1.778482022E9	167.52369942196532
1.786231399E9	157.4788961038961
1.793980776E9	150.70542635658916
1.801730153E9	156.284795042898
1.80947953E9	155.15263938944244
1.817228907E9	152.6277021617294
1.824978284E9	145.2843947496354
1.832727661E9	154.46997635933806
1.840477038E9	156.21983546617915
1.848226415E9	160.4306620209059
1.855975792E9	154.58019621263975
1.863725169E9	157.37262357414448
1.871474546E9	154.3929012345679
1.879223923E9	148.63189113747384
1.8869733E9	158.23754345307069
1.893300577E9	149.79982542915334
1.895830864E9	164.5
1.897252964E9	140.20333024976873
1.902472054E9	142.38189088831763
1.910221431E9	157.53843759726112
1.917970808E9	159.97405293201868
1.925720185E9	162.41611624834874
1.933469562E9	152.83504370961612
1.941218939E9	156.15506101938263
1.948968316E9	151.71199465419312
1.956717693E9	169.39067055393585
1.96446707E9	155.1257325519446
1.972216447E9	154.6684331797235
1.979965824E9	150.07629375951294
1.987715201E9	154.05508870214751
1.995464578E9	151.28064819163927
2.003213955E9	157.95062989445012
2.010963332E9	160.54432199329182
2.018712709E9	160.0705834353325
2.026462086E9	153.45449531163817
2.034211463E9	156.43431992018623
2.04196084E9	159.21731917717318
2.049710217E9	158.68604992657856
2.057459594E9	158.00510855683268
2.065208971E9	161.40682155215026
2.072958348E9	154.41804511278195
2.080707725E9	148.9531327084361
2.0853527655E9	154.80612244897958
2.086227972E9	176.5
2.0893323085E9	152.67421150278292
2.096206479E9	157.42962321351234
2.103955856E9	155.84974572353212
2.111705233E9	179.14565217391305
2.11945461E9	152.6475300400534
2.127203987E9	154.46768292682927
2.134953364E9	160.7204843592331
2.142702741E9	159.18307548054383
2.150452118E9	156.78844632023214
2.158201495E9	146.85915818686402
2.165950872E9	156.58513738551207
2.173700249E9	161.98997493734336
2.181449626E9	152.4566690025695
2.189199003E9	154.90082191780823
2.19694838E9	154.15531561461793
2.204697757E9	154.32477341389728
2.212447134E9	155.1273368606702
2.220196511E9	151.35173216132367
2.227945888E9	148.4074684239429
2.235695265E9	147.86209529627368
2.243444642E9	152.62207710132716
2.251194019E9	154.03832505322924
2.258943396E9	151.64182008681334
2.265344585E9	145.6479245716914
2.26791743E9	207.75
2.269265618E9	156.8586956521739
2.27444215E9	151.12796129462797
2.282191527E9	150.21087378640777
2.289940904E9	155.84031267448353
2.297690281E9	146.9499062171188
2.305439658E9	146.65840305753537
2.313189035E9	146.3249687748382
2.320938412E9	151.72626855367622
2.328687789E9	157.7043137254902
2.336437166E9	161.75796661608499
2.344186543E9	153.77625231910946
2.35193592E9	153.38271990018714
2.359685297E9	157.03630136986303
2.367434674E9	165.47205588822357
2.375184051E9	152.66829940303077
2.382933428E9	154.5300839552239
2.390682805E9	159.62958843159066
2.398432182E9	155.94200675053696
2.406181559E9	150.93413379073758
2.413930936E9	155.4891323872822
2.421680313E9	153.38325281803543
2.42942969E9	151.76829471578597
2.436037066E9	151.54960091220067
2.4399117545E9	141.8276155372838
2.444928444E9	146.6671074777591
2.452677821E9	162.3047493403694
2.460427198E9	148.03384841795437
2.468176575E9	152.07091827844573
2.475925952E9	152.04726368159203
2.483675329E9	143.1557000158554
2.491424706E9	155.752417794971
2.499174083E9	153.7412398921833
2.50692346E9	144.82034435885816
2.514672837E9	140.7802731809824
2.522422214E9	163.27045454545456
2.530171591E9	149.9744238336144
2.537920968E9	145.06925831202045
2.545670345E9	152.4349376114082
2.553419722E9	159.79077029840388
2.561169099E9	151.30796884361894
2.568918476E9	151.07230895645029
2.576667853E9	148.50354153251772
2.58441723E9	146.90121438580104
2.592166607E9	144.85399410360802
2.597078511E9	146.80989081567117
2.6009531995E9	148.90826284970723
2.607665361E9	145.96371398078975
2.615414738E9	149.22770154373927
2.623164115E9	148.69231727057652
2.630913492E9	157.46442185514613
2.638662869E9	150.56145915939732
2.646412246E9	158.1227604512276
2.654161623E9	159.41557591623035
2.661911E9	156.02239964515414
2.669660377E9	153.74169884169885
2.677409754E9	158.66804979253112
2.685159131E9	153.25761772853187
2.692908508E9	154.56421211359637
2.700657885E9	149.74313595765796
2.708407262E9	162.55993150684932
2.716156639E9	162.0296486090776
2.723906016E9	153.00150753768844
2.731655393E9	154.29037037037037
2.739392222E9	143.71141946371648
2.7432669105E9	179.0
2.747154147E9	156.46001167542323
2.754903524E9	163.25450180072028
2.762652901E9	157.23344481605352
2.770402278E9	166.57971014492753
2.778151655E9	143.4082474226804
2.785901032E9	166.48335745296671
2.793650409E9	0.0
2.801399786E9	142.2
2.809149163E9	158.65634218289085
2.81689854E9	157.31759120439781
2.824647917E9	159.4202223019003
2.832397294E9	150.3718918918919
2.840146671E9	146.54031065088756
2.847896048E9	154.78495842781558
2.855645425E9	148.62535765379113
2.863394802E9	146.56736563027235
2.871144179E9	142.91189516129032
2.8783339735E9	141.28366294067067
2.8816691105E9	121.2
2.8817081685E9	193.4
2.881815618E9	210.66666666666666
2.8819235655E9	173.0
2.881951375E9	0.0
2.8819607965E9	0.0
2.881963016E9	0.0
2.8819650695E9	0.0
2.8819667765E9	0.0
2.8819782505E9	0.0
2.8819911965E9	0.0
2.881994005E9	0.0
2.8819953275E9	0.0
2.8819971875E9	0.0
2.8819988245E9	0.0
2.882005523E9	0.0
2.8820305675E9	0.0
2.882050002E9	0.0
2.8820519145E9	0.0
2.882054482E9	0.0
2.882056241E9	0.0
2.882057828E9	0.0
2.882060061E9	0.0
2.8820622915E9	0.0
2.882064383E9	248.0
2.882066127E9	0.0
2.88206734E9	0.0
2.8820687725E9	0.0
2.882070395E9	0.0
2.882267106E9	148.0144927536232
2.882463753E9	59.0
2.8824652565E9	157.5
2.8824681035E9	157.72222222222223
2.882516555E9	130.2127659574468
2.882619299E9	193.1727272727273
2.882677579E9	0.0
2.882680814E9	0.0
2.8826831805E9	205.0
2.8826854325E9	0.0
2.882687501E9	205.0
2.8826891265E9	0.0
2.882701121E9	0.0
2.882740355E9	166.0
2.882809418E9	202.23529411764707
2.8828534285E9	208.0
2.882860329E9	0.0
2.882867573E9	0.0
2.88287343E9	0.0
2.882877733E9	98.0
2.882880309E9	220.0
2.88288275E9	0.0
2.8828853255E9	0.0
2.882886906E9	0.0
2.882933057E9	127.25
2.8829793125E9	0.0
2.882980713E9	0.0
2.8829822125E9	0.0
2.882984397E9	201.0
2.882986658E9	0.0
2.8829909575E9	0.0
2.883009997E9	0.0
2.8830477505E9	170.0
2.88307233E9	217.5
2.883076929E9	0.0
2.8830824375E9	0.0
2.8830887685E9	182.0
2.883093368E9	182.0
2.8830977865E9	50.0
2.8831015105E9	0.0
2.8831028565E9	0.0
2.8831040605E9	0.0
2.883106094E9	52.0
2.8831079675E9	0.0
2.8831092055E9	0.0
2.8831106335E9	0.0
2.8831118605E9	46.0
2.883112934E9	117.0
2.883114396E9	0.0
2.883116725E9	0.0
2.8831199175E9	0.0
2.8831258425E9	0.0
2.8831305265E9	0.0
2.883131573E9	0.0
2.8831327445E9	0.0
2.883134587E9	0.0
2.883136549E9	0.0
2.883137889E9	0.0
2.8831394005E9	0.0
2.8831409485E9	0.0
2.8831420415E9	0.0
2.8831434205E9	0.0
2.8831450565E9	0.0
2.8831466735E9	0.0
2.8831482025E9	0.0
2.8831496855E9	0.0
2.883151E9	0.0
2.8831524505E9	0.0
2.8831539105E9	0.0
2.883156513E9	362.0
2.8831591885E9	0.0
2.8831610845E9	0.0
2.8831632375E9	0.0
2.883164788E9	0.0
2.8831667025E9	0.0
2.883169294E9	0.0
2.8831746925E9	0.0
2.8831825095E9	0.0
2.8832777785E9	133.5672268907563
2.8834588255E9	137.00564971751413
2.8836293255E9	175.23076923076923
2.883800073E9	188.88888888888889
2.8839686355E9	0.0
2.8840548555E9	0.0
2.884144479E9	0.0
2.8843319275E9	182.0
2.8845214925E9	188.41176470588235
2.884626674E9	0.0
2.8846808625E9	159.5
2.884813473E9	182.0
2.884959501E9	0.0
2.885085541E9	121.1875
2.8852393455E9	125.6
2.8853891415E9	186.5
2.885478385E9	0.0
2.8855237295E9	0.0
2.885575297E9	51.0
2.885613754E9	167.0
2.8856719105E9	0.0
2.885747331E9	190.7
2.8858518155E9	183.0
2.886014044E9	213.0
2.8861957175E9	189.875
2.886364595E9	138.8125
2.888481395E9	149.46601941747574
2.89439231E9	151.48346456692914
2.902141687E9	147.06948188080264
2.909891064E9	154.32029452369994
2.917640441E9	167.65111940298507
2.925389818E9	152.47119123365147
2.933139195E9	143.31238058846006
2.940888572E9	149.66854838709676
2.948637949E9	154.52904040404042
2.956387326E9	154.11189468735307
2.964136703E9	154.82109842305601
2.97188608E9	164.791932059448
2.979635457E9	181.87593984962405
2.987384834E9	154.02317880794703
2.995134211E9	153.5781078107811
3.002883588E9	150.0018281535649
3.010632965E9	157.15878679750222
3.018382342E9	145.39003490955253
3.026131719E9	154.13427856547122
3.033881096E9	146.05934195064629
3.040120924E9	143.2794157424939
3.0439956125E9	154.0612244897959
3.04937985E9	158.11899791231733
3.057129227E9	163.75321637426902
3.064878604E9	166.22417153996102
3.072627981E9	135.4375
3.080377358E9	0.0
3.088126735E9	0.0
3.095857451E9	236.03333333333333
3.0997320985E9	189.0
