# Position (bp)	A	C	G	T	N
0.0	26.562063488747334	24.36116008809541	25.08690749253118	23.98982034502578	4.858560029695519E-5
1.0	25.592902226823817	22.342112589354993	35.17731071900372	16.88767446481747	0.0
2.0	23.844986670540557	25.656646534413426	32.6628601468354	17.833296003397106	0.0022106448135114608
3.0	25.528307671229015	25.947164131389066	30.19388569654503	18.330642500836884	0.0
4.0	17.536875255985382	35.227329594509435	28.602464358818263	18.63325791228647	7.287840044543278E-5
5.0	22.37296444554356	28.656685888749667	25.42693381620942	23.54310004309543	3.1580640193020875E-4
6.0	19.87440136467234	26.302081941558324	35.26007628910959	18.563440404659747	0.0
7.0	21.123075585104235	29.37993113477014	27.593317147850353	21.90367613227527	0.0
8.0	18.893628144277855	28.708502431466364	32.55589894778165	19.84182471967323	1.4575680089086557E-4
9.0	19.231735336744364	32.85343716400021	27.497724979266096	20.41710251998933	0.0
10.0	22.124400514424337	28.98422571315159	29.559333463866643	19.331530159754312	5.101488031180295E-4
11.0	21.71227315990541	28.68804789374135	29.246296441153362	20.353382505199875	0.0
12.0	21.432055710192724	28.573458755440978	28.552785582514627	21.441384145449742	3.1580640193020875E-4
13.0	21.320503171910914	28.470530161211883	28.63467661181514	21.57402283426043	2.672208016332535E-4
14.0	21.24767851872186	28.673552057661407	28.686645880122292	21.3920992506884	2.4292806049880417E-5
15.0	21.38820369629889	28.521597049102116	28.807110606684123	21.283088647914873	0.0
16.0	21.2100018462555	28.811424434705717	28.841498965125208	21.137074753913577	0.0
17.0	21.31835825050687	28.620909631093678	28.81884775138117	21.241884367018283	0.0
18.0	21.203838079269584	28.746531585347903	28.993760133163804	21.055068537476853	8.016647418615238E-4
19.0	21.23886990398717	28.610550552432702	28.98480697711536	21.165748273564294	2.429290047271555E-5
20.0	21.289560409928416	28.56805879663572	29.09283441509698	21.049546378338878	0.0
21.0	21.24178656037376	28.639153789794246	28.951536576407094	21.167401608774995	1.2146464990001029E-4
22.0	21.182813618234476	28.75407331901345	28.88428348697	21.178829575782075	0.0
23.0	21.18289164300736	28.85584346207543	28.736905190212564	21.224189654070855	1.700506337908586E-4
24.0	21.075351883432692	28.94245485154576	28.695322634716575	21.286822044397802	4.8585907171765764E-5
25.0	21.111723563611964	28.92829908714346	28.700989865220233	21.258987484024342	0.0
26.0	21.111997265580495	28.86036945272498	28.829371591237322	21.1982616904572	0.0
27.0	21.15161026234024	28.808694955070074	28.760400446019712	21.278492667154147	8.016694158259261E-4
28.0	21.136510277892764	28.785509113771035	28.833633595114964	21.244347013221233	0.0
29.0	21.189139263716942	28.687889387004102	28.73353600203673	21.389338175097404	9.717214482730809E-5
30.0	21.31508471957563	28.688510651529832	28.69574997983677	21.30065464905777	0.0
31.0	21.475380684393798	28.575901964871264	28.715781403274026	21.232693016862786	2.4293059812914287E-4
32.0	21.49134303615516	28.490716517381582	28.69927268919883	21.31866775726442	0.0
33.0	20.916707479185614	28.75268682416412	28.82707249858128	21.50314450741233	3.886906566539953E-4
34.0	19.84249588894204	29.379858840517674	28.93475437020827	21.842550792124165	3.401082078556736E-4
35.0	19.83648219531909	28.504106529998552	30.90226077188236	20.757150502800002	0.0
36.0	20.169740069423657	29.885942680779443	30.87615787080047	19.068062201421903	9.71775745254819E-5
37.0	20.85898438828611	29.926460227300332	29.153381566224667	20.061173818188884	0.0
38.0	20.152896052695834	31.44716507462708	27.96196014624882	20.437978726428263	0.0
39.0	21.064598591583522	30.26438183735657	27.46686722102613	21.203836452617818	3.1589741595913746E-4
40.0	20.95459851177511	27.1136838321122	31.95482933670547	19.976669412729326	2.1890667789414695E-4
41.0	18.518929710467795	29.349671311813356	30.64630353562945	21.485095442089403	0.0
42.0	17.971821828956863	31.39406573360964	25.903875361759788	24.72791865602693	0.0023184196467813676
43.0	17.32877936878743	33.98937100118711	24.032546665920492	24.649228677001158	7.428710380830362E-5
44.0	17.722646789393767	33.04827781157143	24.110340791933908	25.118668560872496	6.604622839710426E-5
45.0	19.595164380958412	29.100715009660156	27.498673708548445	23.80544690083299	0.0
